7880572
7147384
51783846
102644348
95219981
223006756
362277183
1347345503
46028
14241
149626
354282
749267
743512
2826883
3408172
6215602
13525801
50695906
27954636
117032429
86040580
511172413
1371293141
62673
129760
53638
194844
759653
463205
4150749
4187481
12180845
24233549
151362
77179700
143534785
224583562
200920532
101222914
1759
12620
148722
204162
702105
1228047
2394899
1541650
9976812
2096448
49274681
66506408
203126690
488121344
761445232
37001431
25219
29942
223345
316997
287861
1977717
4122696
7784886
13011609
10013533
29085025
120853258
28018122
312833682
397771234
190031398
24065
112359
118961
80148
880566
90649
2248299
6193710
9140972
3188342
10381748
106257574
186185699
78806490
596018405
1657054948
52989
61144
143288
396366
644662
1219256
937922
3948031
6245869
3003430
355883
82986731
248373775
174894113
562587921
32961555
11214
12649
132633
328843
30723
1051617
3992785
3377127
15234234
5918464
51573304
107371876
231055030
376864671
823641543
1087776336
4625
87993
240896
128409
1044507
1555182
3956055
6963422
11283817
21416961
48750380
17364005
152795058
218733965
487215762
168765556
91
45469
149066
114580
698010
159360
1825337
4889707
7099455
21459033
26733600
37539959
57270942
59742386
30886837
316284954
18977
66885
227383
523792
586815
1992575
627716
3388025
6488010
31734406
20628640
99659890
166747589
143317745
8950251
1268384015
53005
64240
252286
472672
1008918
796794
2321525
8263817
12134011
21548378
51101112
93871326
204050222
441669807
297475180
784736658
10094
126130
109113
52405
428104
217799
1751464
4319734
10866292
5824082
42524016
22393824
31347647
91747122
188283788
158803188
6649
121606
237797
224867
286622
2080865
2523651
5973346
13181744
18587649
56272339
57471637
249871155
490665153
108490769
811754036
62080
114318
236152
357440
1004699
185646
1018038
617029
2462296
32532221
56922674
128696537
40503722
77125684
972090295
513587626
21935
58881
94221
502273
515954
1862753
1812551
6095271
131695
672814
37214124
77845442
233392872
160746965
158886107
1700994645
60917
70084
67564
80688
722320
472516
1500
6518086
14736384
3402226
6518809
106833146
234277600
92113264
974765804
1870452563
15798
48680
189963
464338
461249
236702
2530761
3766427
7829868
7144852
25847787
85400623
28576888
469853257
462027385
781491246
18593
116123
140367
492801
538458
1592248
1036703
5173538
10432931
32054953
10018378
86247078
166784377
47267524
650013315
1482095503
32576
35493
134712
407610
642871
1886180
3341112
5043834
8435663
8996880
19168642
62355518
131760426
317415203
339104205
1092643006
7912
120541
156355
247315
340239
72635
1556208
4192463
1929756
3543651
32575226
75244521
166651198
231692402
384722581
1476525855
47286
68232
253587
282541
822705
1749036
2734770
2869321
5427978
32689745
42323632
11727579
69315746
443948516
311727685
1686152951
48827
78826
260058
306433
297701
2091914
2945731
5920309
6669356
32715379
39946354
122688714
10308113
363371982
982503871
1008297598
37896
68969
955
185853
906392
1055678
3282817
2668775
8467823
7983433
9645360
124917612
33531843
197775183
229171875
1201226947
30272
66118
68506
17146
803994
1206274
1343293
6195460
10978610
25615406
53292160
59624767
186140341
504612107
137231686
1855451845
22401
105138
25866
435706
75892
14557
3696128
207673
16417747
11053412
35004376
37327888
224824292
320772211
355132105
1053526662
1357
81155
218558
428980
925926
2043648
3252508
7907275
4190884
8201066
8151085
38047217
7854451
115264600
408464711
1834787002
36945
26945
138526
440464
465301
972260
2422954
1365190
3881496
21740365
12016464
79666662
330245
259554741
488241567
666233064
23990
37990
221263
473931
530312
643718
3905614
5631223
594822
3122025
36033458
50437303
137488431
334341359
1043617066
1726246345
47032
38631
160754
256258
302188
166228
890612
2611958
1348922
9387181
26775743
123609620
264606726
299700539
446805226
1613074947
28425
121299
81590
217826
286137
1698665
3412698
2567529
1633728
3235140
10092843
109596530
104669871
341481599
925339001
1048628112
56607
106779
191346
280308
851302
141763
3600564
4748416
15703133
31486796
36874747
70611097
141723123
170719563
414024995
724485930
34852
73214
22980
405877
318565
574101
3994754
7209418
13637906
2578623
12763316
66606251
146148631
468677022
473855923
68637174
8092
37689
259543
152299
875274
685209
72344
8061999
5999998
17038289
55113306
55849657
63344241
175864751
734735268
1878508579
18724
91476
260491
84511
871175
1782957
3211107
1300636
8250477
18012980
23542944
51881672
67917655
191702973
213937604
1461759220
10552
1026617880572
7147384
51783846
102644348
95219981
223006756
362277183
1347345503
46028
14241
149626
354282
749267
743512
2826883
3408172
6215602
13525801
50695906
27954636
117032429
86040580
511172413
1371293141
62673
129760
53638
194844
759653
463205
4150749
4187481
12180845
24233549
151362
77179700
143534785
224583562
200920532
101222914
1759
12620
148722
204162
702105
1228047
2394899
1541650
9976812
2096448
49274681
66506408
203126690
488121344
761445232
37001431
25219
29942
223345
316997
287861
1977717
4122696
7784886
13011609
10013533
29085025
120853258
28018122
312833682
397771234
190031398
24065
112359
118961
80148
880566
90649
2248299
6193710
9140972
3188342
10381748
106257574
186185699
78806490
596018405
1657054948
52989
61144
143288
396366
644662
1219256
937922
3948031
6245869
3003430
355883
82986731
248373775
174894113
562587921
32961555
11214
12649
132633
328843
30723
1051617
3992785
3377127
15234234
5918464
51573304
107371876
231055030
376864671
823641543
1087776336
4625
87993
240896
128409
1044507
1555182
3956055
6963422
11283817
21416961
48750380
17364005
152795058
218733965
487215762
168765556
91
45469
149066
114580
698010
159360
1825337
4889707
7099455
21459033
26733600
37539959
57270942
59742386
30886837
316284954
18977
66885
227383
523792
586815
1992575
627716
3388025
6488010
31734406
20628640
99659890
166747589
143317745
8950251
1268384015
53005
64240
252286
472672
1008918
796794
2321525
8263817
12134011
21548378
51101112
93871326
204050222
441669807
297475180
784736658
10094
126130
109113
52405
428104
217799
1751464
4319734
10866292
5824082
42524016
22393824
31347647
91747122
188283788
158803188
6649
121606
237797
224867
286622
2080865
2523651
5973346
13181744
18587649
56272339
57471637
249871155
490665153
108490769
811754036
62080
114318
236152
357440
1004699
185646
1018038
617029
2462296
32532221
56922674
128696537
40503722
77125684
972090295
513587626
21935
58881
94221
502273
515954
1862753
1812551
6095271
131695
672814
37214124
77845442
233392872
160746965
158886107
1700994645
60917
70084
67564
80688
722320
472516
1500
6518086
14736384
3402226
6518809
106833146
234277600
92113264
974765804
1870452563
15798
48680
189963
464338
461249
236702
2530761
3766427
7829868
7144852
25847787
85400623
28576888
469853257
462027385
781491246
18593
116123
140367
492801
538458
1592248
1036703
5173538
10432931
32054953
10018378
86247078
166784377
47267524
650013315
1482095503
32576
35493
134712
407610
642871
1886180
3341112
5043834
8435663
8996880
19168642
62355518
131760426
317415203
339104205
1092643006
7912
120541
156355
247315
340239
72635
1556208
4192463
1929756
3543651
32575226
75244521
166651198
231692402
384722581
1476525855
47286
68232
253587
282541
822705
1749036
2734770
2869321
5427978
32689745
42323632
11727579
69315746
443948516
311727685
1686152951
48827
78826
260058
306433
297701
2091914
2945731
5920309
6669356
32715379
39946354
122688714
10308113
363371982
982503871
1008297598
37896
68969
955
185853
906392
1055678
3282817
2668775
8467823
7983433
9645360
124917612
33531843
197775183
229171875
1201226947
30272
66118
68506
17146
803994
1206274
1343293
6195460
10978610
25615406
53292160
59624767
186140341
504612107
137231686
1855451845
22401
105138
25866
435706
75892
14557
3696128
207673
16417747
11053412
35004376
37327888
224824292
320772211
355132105
1053526662
1357
81155
218558
428980
925926
2043648
3252508
7907275
4190884
8201066
8151085
38047217
7854451
115264600
408464711
1834787002
36945
26945
138526
440464
465301
972260
2422954
1365190
3881496
21740365
12016464
79666662
330245
259554741
488241567
666233064
23990
37990
221263
473931
530312
643718
3905614
5631223
594822
3122025
36033458
50437303
137488431
334341359
1043617066
1726246345
47032
38631
160754
256258
302188
166228
890612
2611958
1348922
9387181
26775743
123609620
264606726
299700539
446805226
1613074947
28425
121299
81590
217826
286137
1698665
3412698
2567529
1633728
3235140
10092843
109596530
104669871
341481599
925339001
1048628112
56607
106779
191346
280308
851302
141763
3600564
4748416
15703133
31486796
36874747
70611097
141723123
170719563
414024995
724485930
34852
73214
22980
405877
318565
574101
3994754
7209418
13637906
2578623
12763316
66606251
146148631
468677022
473855923
68637174
8092
37689
259543
152299
875274
685209
72344
8061999
5999998
17038289
55113306
55849657
63344241
175864751
734735268
1878508579
18724
91476
260491
84511
871175
1782957
3211107
1300636
8250477
18012980
23542944
51881672
67917655
191702973
213937604
1461759220
10552
102661